30 321 15
000000000000000000000000000000
000000000000000000000000000000
000000000000000000000000001111
000000000000000000001111111111
000000000000000000111111111111
000000000000000001111111111111
000000000000000011111111111111
000000000000001111111111111111
000000000000011111111111111111
000000000000011111111111111111
000000000000011111111111111111
000000000000000111111111111111
000000000000000111111111111111
000000000000000011111111111111
000000000000000011111111111111
000000000000000000111111111111
000000000000000000111111111111
000000000000000000011111111111
000000000000000000000011111111
000000000000000000000001111111
000000000000000000000000011111
000000000000000000000000111111
000000000000000000000000011111
000000000000000000000000011111
000000000000000000000001111111
000000000000000000000111111111
000000000000000000011111111111
000000000000000011111111111111
000000000000000011111111111111
000000000000011111111111111111
000000000000000000000000000000
000000000000000000000000000000
000000000000011110000000000000
000000000111111111100000000000
000000001111111111110000000000
000000011111111111110000000000
000000011111111111111000000000
000000111111111111111100000000
000001111111111111111100000000
000001111111111111111100000000
000001111111110111111110000000
000001111110100111111110000000
000001111111001101111110000000
000001110011001111111110000000
000011110011001111111100000000
000011110010001110111100000000
000001110010001111111100000000
000000110010001111111100000000
000000000100001111111000000000
000000000001000111111000000000
000000000000000111110000000000
000000000000001111110000000000
000000000000000111110000000000
000000000000000111110000000000
000000000000001111111000000000
000000001000001111111100000000
000000011000000111111111000000
000001111000000101111111110000
000011010000000001111111111100
011111110000000001000111111111