21 46 14
000000000000000100000
000000000000000000000
000000001000000000000
000000000000000100000
000000000000101010000
000000000000001000010
000000000000011010000
000000000001101110000
000000000010000000000
000000100100101010000
000000010001110010000
000000100000100000000
000000100001110001000
000000000010110000000
000000100001000000000
000000000000000000000
000000001101000000000
000000000001100000000
000000100000000000000
000000000000000000000
000000000000000000001
000000011011100000000
000000001101110100000
000001011110110100000
000001000111111100000
000001011111111100000
000000000000001000100
000000000010110000000
000000000001011000000
000000000001000000000
000000000000000000000
000000000000000000000
000000000000000000000
000000000000000000000
000000000000000000000
000000000000000000000
000000000000000000000
000000000000000000000
000000000000000000000
000000000000000000000
000000000000000000000
000000000000000000000
