17 73 10
00000000000000000
10001100101110000
00001100100010000
00000010001000000
00001000011000000
00010010011000000
01001001000000000
00000100011000000
00000001010100000
00000000000101001
00110100100001000
00100010001001000
00000000101101110
01001001100100110
10010100000010010
00101010100011010
01101000001110100
11111011000100000
11111111010000100
11011100110000000
11111111100010100
00011010101000000
01010111101000000
01111011000000010
01101101000101000
11000000100000000
00000000000011000
00001000000000000
00000000010000000
00000001000010000
00000000000000011
00000000000000000
00000000000000000
00000000000000000
