25 219 11
0000000000000010000000000
0000000001100000000000000
0000000000000000100000000
0000000000000000000000000
0000000000000111000000000
0000000000010000100001011
0000000000000000000000110
0001010000000001000010011
0000000000001110010000100
0000001110000000000000000
0000000000000100110001100
0000000000000000001000010
0000000100001000001000000
0000000000100001000010100
0001000000000001011001110
0000001000101010100000000
1100110101101101111100111
0001011110110111111100111
0010101100011111111101111
0010001011111011111111110
1000111111011111111111111
0010000001111101111111111
1100101001111111111111110
1111001101110111111111111
0011101111100111111111111
0000000011111111111111111
0000000111111111111111110
0000000011111111111111111
0000001101111111111111111
0000010011111111111111111
0000000111111111111111111
0000001011111111111111111
0000000110111111111111111
0000000110011111111111101
0000000010011111111111101
0000000001101111111111110
0000000001001111111111110
0000001000011100111110100
0000000001001101110011000
0000000000100010100000010
0000000000000000000000000
0000000000000001000000000
0000000000000000000000000
0000000000000000000000000
0000000000000000000000000
0000000000000000000000000
0000000000000000000000000
0000000000000000000000000
0000000000000000000000000
0000000000000000000000000
