21 215 13
110110110000010000000
111110101001100000000
110111111010100000000
011101011000000000000
101011111011100000000
101011011000000000000
101011001100000110001
010011000001010001001
000010011110010010000
101110011000010010001
000100000000110100010
010101111111111100000
000111001101001101111
000110110110111101110
001110111001111001011
000010111111111110110
000011111111110110010
001011111111011111111
000101110111110100110
000011110111110010101
100111000111001001110
000000100111111101111
000000000011111111111
000000011011111111110
000000000110111101111
000100001010110110001
001110001001011011001
010100101001111001100
111111011000010011000
110111100001000100100
101111100010001001010
111111110011000010000
011011010011000000000
011110010101010010000
000011010011111110000
010000011111110000000
111011111111100001000
000000110111111000000
001010110111111100000
110111111110010100000
110111111111101100000
000011101111011000000
