24 102 10
010001110001000000000000
000000101001100000000000
000000100010000000000000
000000001100000000000000
000000110000000000000000
000000001100000000000000
000000000000000000000000
000000100000000000000000
000000000000001000000100
000001000000001000000000
000000000000000000000000
000000010000011000000000
000000000000001000001000
000000001000001100100000
001000000001110000111000
000000000010101101011000
000000001110111100000000
000000000001100011010000
000001110100001011000100
000100001010010011000110
000000000101101111010100
000000000111011101000000
000010000000111011001000
000000010001000100101001
000000000010000000000010
000000000000000100110001
000000000010010010001001
000000000000010000111000
000000111000010100110110
000100001010101111011010
010000000100000000000000
000010000011001000010001
000010100001001010010000
010000000000001000100100
000000000000000010000010
000000000000001101000000
000000000001001000100110
000000001010000000100100
000000000010000000000000
000000000000000000110101
000000000000000000010000
000000001000010001100111
000000000000001100100000
000000000000000000001111
000000000000011000110110
000000000000010000001010
000000000000000010110000
000000000000001010100000
