23 103 15
00000000000000111000000
00000000001000001001000
00000000000001101110000
00000000001000011100000
00000000000000110100000
00000000000001000001000
00000000000000001000000
00000000000000000100111
00000000000000010001011
00000000000000011011101
00000000000000010011110
00000000000000011111111
00000000000000011111111
00000000000000111111111
00000000000000000111111
00000000000000101111111
00000000000000001111011
00000000000000010111011
00000000000000010101101
00000000000000001111100
00000000000000000000000
00000000000000000000001
00000000000000001000000
00000000000000000000000
00000000000000000000000
00000000000000000000000
00000000000000000000000
00000000000000000000000
00000000000000000000000
00000000000000000000000
00000000000000000000000
10000000000000000000000
10000100000000000000000
10000010000000000000000
01101100000000000000000
11101010100000000000000
11111111100000000000000
11101111000000000000000
11111111110000000000000
11111111010000000000000
11111111111001000000000
11111100110000000000000
11111111100000000000000
11111111100000000000000
11111111000000000000000
11111100100000000000000
