29 408 15
00000011111111111111111111111
00000111111111111111111111111
00000011111111111111111111111
00000001011111111111111111111
00000001111111111111111111111
00001000111111111111111111111
00000000111111111111111111111
00000001111111111111111111111
00000000001111111111111111111
00000000011111111111111111111
00000001101111111111111111111
00000000011111111111111111111
00000000001111111111111111111
00000000001101111111111111111
00000000000111111111111111111
00000000010111111111111111111
00000000000101101111111111111
00000000000100111111111111111
00000000000000100111111111111
00000000000000011000111111111
00000000000000011001111110111
00000000000000000100110000011
00000000000000000001000100000
00000000000000001000000000000
00000000000000000000000010000
00000000000000000000000000000
00000000000000000000000000000
00000000000000000000000000000
00000000000000000000000000000
01011111111111111000000000000
10101111111111110100000000000
10101111111110100000000000000
01111111111111001000000000000
11111111111110001000000000000
00111111101111001000000000000
00111111101110000000000000000
01001110110111000000000000000
10101010101101010000000000000
00001111100000000000000000000
00110001101010000000000000000
00010011000001000000000000000
01101000101100100000000000000
11001010100000100000000000000
01111010000000000000000000000
11111110001000010000000000000
11111110101001100000000000001
11111111111111000110000101001
11111111010111111000010000000
11111111111011111000001000111
11111111111111101100001100011
11111111111111101110011111111
11111111111111101011101011011
11111011111101011111011111111
01101111111111111100000111111
00001111111110110100101111111
11010111111101110000011111111
00000111111011111010101111001
00000001001111111000010011010
