19 162 14
0000100001001101010
1100000100111111010
0010101101100101100
1001010110111110111
1110101010100001000
1111001000011010100
1111001011110011011
0110011111100010010
0111101011101101000
0101110000010100001
0001000101000001011
1001100000101001100
1100010100101100101
1000110010111010100
1011000000111111111
0000000010000011011
0010000010000101111
0000000000001010011
0001010000001001111
0000000000000000000
0000000000000000000
0000000000000000000
0000100000000000000
0000100000000000000
0000000000000000000
0101111011000000000
0110111100000000000
1111111101100000000
1111111111110000000
1111111111110000000
1111111111111100000
1111111111111000000
1111111111111111000
1111111111111011000
1111111111111010000
1111111111111000000
1111111111111100000
1111111111111100000
