19 120 7
0000000000100001011
0000000000000000110
0000000001000000100
0000000000100011001
0000000000000000000
0000000000001111010
0000000000010011101
0000000000011011100
0000000100001101000
0001000000111110000
0000000101011111100
0000001000111101110
0000010110111000000
0000000011011110110
0000011111111110011
0010001011111111101
0000001101111110000
0000011111111101000
0001001110111111001
0000000010000000000
0000000000010100000
0000000110000110000
0000100011101000000
0000010010110010000
0000100110100111100
0000001010111101111
0010001011111111001
0000001111101111111
0101110111111101101
0000010011110010000
0000011101111111110
0001101110011101101
0100011010110100001
0000011001100000000
0000010001100000000
0000000110001010000
0000000000000000000
0000000000000000000
