17 47 9
00000000001000000
00000000000100000
00000000000001000
00100000000001101
00000000100001010
00000001000110100
10000000001000000
00001001000000100
10010000100010000
00010010000001000
10000010001000100
00010001010000000
00010000000000000
00100000010010010
01110010000010000
00001000000100000
01010000000000000
11000000001001000
00000000000100000
00110000100010000
10001101001000000
11100000000000000
10001001000010000
00010000110010000
00010000000000000
11000000000000001
10000100000001000
00101000000000000
00001100010010000
10000110000000000
01000110000000000
00000000000000000
00000100010000000
01000000000000000
