22 206 5
1101010111000000000000
0111110101110001010000
1111011110000000000000
1111011100100100000000
1111111101000000000000
1011111000101000000000
1110111110011010000000
1111110111100101000000
1111101001111101000000
1111111111011101000000
1011111111011101000000
0001111111111110000000
1111111111111010010000
1111011111110100000000
1111111111110111000000
1111101101100001000000
1111111100010000000000
1101110010000000000000
1111001010100000000000
0000110000000000000000
0010000001001000000000
0001000000000000000000
0000000000100011000000
0000010001001101100000
0000000011011111100010
0100110101111111100000
0100001111111110110000
0000001111111111110110
0001011110111110111000
0001011011111111111001
0000111101111111111101
0000010110010011101000
0000011001101111000000
0000010000111010100000
0010010000010110101001
0000000000111110011101
0000000000110111000100
0000000011011111000010
0000000101001011110000
0000000000111111110101
0000000001111110101111
0000000100001110111111
0000000110001100001101
0000101011001000111000
