19 45 14
0000000000000000000
0010000000000010000
0110010100000000000
0000000000000000000
1010010000101100000
0101100000000001000
0010001000000000000
0000111000000000000
0100010100000000000
0011010000000000000
0001000000000000000
0000100100000000000
0000100100000000000
0000000001000000000
1111001010000000000
0001100000000000000
0000110000000000000
0100000100000000000
0000000000000000000
0000000000000000000
0000000000000000000
0000000000100000000
0000000000000000000
0000000000000001000
0000001000000000000
0000000100000000000
0000011000010000000
0111000000000000000
0100100001011000000
0001010101100000000
0000000111000001000
0000000001100000000
0011100111000001000
0000001001000000000
0010100000101000000
0000000001110000000
0000000001000000000
0000000100000100000
