21 193 8
001110011100101101110
000000011111101111111
100001111101111010111
001111110111101110110
011001000111110111110
010011101010111011100
110111100111011111110
001001110110001001010
100101111110011000000
100010110011110111100
001111001011100101010
000001111100100000000
100110111100010110100
000011100001111110010
000010100100100010000
000000000011100001000
000000011110001010000
000000100101100010000
000000010001000010000
000010000000010000100
000000000100100000100
000000000000000000000
000000000000000000000
000000000000000000000
000000000000000000000
000000000010001010101
000010000001000000000
000000000000010000000
111001001000001100000
000000010101000100000
111100010010001000001
100111011111111101010
111101100111111111100
111011101011101111100
111111111111110111101
010001011111101011111
101011110111111111100
101110111111111101101
101001111101111111100
000111111011101111011
001001010111111111010
000001110110101110110
