18 159 11
000000001111111111
000000001111111100
001000001111111100
000000001111111100
001001000011111110
010100000011101110
111111001000000000
111100110000100000
111111111000000000
111111111100000000
111111111110000000
111111111001000000
111111010100000000
111111110100000000
111111111110000000
111111111110000000
111111110000000000
111111000000000000
000000000000000000
000000000000000111
000000000000011111
000000000000011111
000000000111111111
000000000111111111
000000001111111111
000000001111111111
000000011111111111
000000001111111111
000000111111111111
000000111111111111
000000011111111111
000000011111111111
000000011111111111
000000111111111111
000000000111111111
000000000111111111
