25 88 13
0000000000000000000000000
0000000000000000000000010
0000000000000000000000001
0000000000000000001000111
0000000000000000011111111
0000000000000000001111111
0000000000000000011111111
0000000000000001101111111
0000000000000000001111111
0000000000000000111111111
0000000000000000111111111
0000000000000000111111111
0000000000000000011110111
0000000000000000000011111
0000000000000000001001100
0000000000000000000000010
0000000000000000000000000
0000000000000000000000000
0000000000000000000000000
0000000000000000000000000
0000000000000000000000000
0000000000000000000000000
0000000000000000000000000
0000000000000000000000000
0000000000000000000000000
0100001111011000000000000
1111101110111100000000000
0111011111001000010000000
0011100101101000000000000
0111111111001000000000000
0000011111000010000000000
0011111011110100000000000
1001001101000000000000000
0001011101001000000000000
0010101001100000000000000
1000100111000000000000000
0000000000000000000000000
1000000000000000000000000
0110100000000000000000000
1000000000000000000000000
0000000000000000000000000
0000000000000000000000000
0000000000000000000000000
0000000000000000000000000
0000000000000000000000000
0000000000000000000000000
0000000000000000000000000
0000000000000000000000000
0000000000000000000000000
0000000000000000000000000
