20 41 15
00000000100011011100
00000000000000011111
00000000000001011101
00000000000101001010
00000000000001100011
00000000000000011111
00000000000001100101
00000000000010001011
00000000000001000100
00000000000000000000
00000000000000000100
00000000000000001000
00000000000000000000
00000000000000000000
00000000000000000000
00000000000000000000
00000000000000000000
00000000000000000000
00000000000000000000
00000000000000000000
00000000000000000000
00000000000000000000
00000000000000000000
00000000000000000000
00000000000000000000
00000000000000000000
00000000000000000000
00000000000000000000
00000000000000000000
00000001000000000000
00000000000000000000
00001010000000000000
00000100010000000000
00000101011000000000
10000000001000000000
10001001110000000000
01101001000000000000
00011100100010000000
01101101100011000000
01001110111000100000
