19 46 8
0000000000000000000
0000010000000000000
0000000000000000000
0000000000000000000
0000000000000000000
0010110000010000000
0000000000000100000
1100000000000000000
0000001001000000000
0100011000101000000
1001000000000000000
0001000010000000000
1000001011000000000
0101000000110000000
0111011010001000000
0001110011000000000
0001100000000000000
1000000000010000100
0000001001000000000
0000000000010110110
0000000000001010001
0000000001101000001
0000000100110000010
0000000000000011000
0000000101110000000
0100000000000000010
0000000000000100000
0000000000000000000
1000000000000000001
1000010000000000000
0110000000000010000
0110000000000000000
1000000100000000010
1000110000000000000
1000000000000000000
0100001000000000000
0100001000000000000
0000100000000000000
