19 79 13
0000000000000000000
0000000000000000000
0000100000000000000
0000000000000000000
0000000000000000000
0000100000000000000
0010010000000000000
1110111000000000000
0111110000000000001
1111100000000001000
1011010000000000100
1111110000000001110
0110000000000000100
0100001000000100111
1000000101000011101
0010000000000001000
0010001000000011111
0000101101100001011
0001111100100101011
0000000010100000000
0000000000000000001
0000000000001110000
0000001000110001001
0000000000001100100
0000000000000011010
0000000001010011011
0110000000000111001
0001000000000000111
0001000000000100001
0000000000000001001
0010000000001000010
0110000000000101111
0001000000000001100
0100000100010001011
0000000000011000110
0000001000110111110
0000000000001101111
0000000100000101100
