16 77 13
0001110000000000
0000001100100000
0010110000010000
0010100011110000
0010010011100100
1001101001100100
0010001001001001
1000101001000000
1000011010110000
0001010111100100
0000010010010100
0000000111100011
0000000010101000
1000001011001000
0000000011100100
0000100101100000
0000000000000000
0000000000000000
0000000000000000
0000000000000000
0000000000000000
0000000000000000
0000000000000000
0111000000000000
1111111000000000
1111111100000000
1111111100010000
1111111110000000
1111111111000000
1111111111000000
1111111111000000
1111111111100000
