24 227 11
000011011111000100000000
001100111111111000000000
000001111111111000000000
001101111111000000000000
011111111111010000000000
111011111111100000000010
001100111011100000000000
000010010100100010000000
000011110101101100000000
000000000001101010000000
000001010101000100000000
000000111001001001100000
000001000000111101001000
000000000101111111001000
001001000111111000011111
000000001111111111101111
000000001110111111011111
000000001100111110001111
000000001010110111111111
000000010010110111011111
000000000010011011011111
000000000000100010011111
000000000000011011111111
000000000000000010001111
000000000001011111111001
000000000010101111110111
000000000000001101111100
000000000000011101111110
000000000000010111111111
000000100011011111110110
000000000000001000111111
000000000001111011010011
000000000000101011111101
000000000000101111011101
000000000000001111111101
000000000001001011110110
000000011000101011111111
000100100000000001011111
000001001100101011011110
000001100000111111101011
001110000110100011110110
001011011101011011001000
001111111010100000100000
000011110100011001010000
011000110000010100000000
101111111010001000000000
001111011010000000000000
000101111110001000000000
