26 170 6
11011000100000001010100000
01111100101111011101000000
10101101000001000000000000
11100011010000101101010010
10011101100000110010000000
01010100000000000101100000
01010001000011000011100000
00001010001111100010000000
00010100001001001000000000
00000000000010000100011000
00001000001000000000000000
00000000000001000000010010
00000000000000000000010000
00000000000000100010010000
00000000000000000100000000
00000000000010011010010000
00000000000000000010010110
00000000000000100101000100
00000000000000100100111010
00000000000000101001111010
00000000000000001101111011
00000001000001010110001011
00000000000100101111111110
00000000000001100011011111
00000000001011100111111111
00000000000000000011101001
00000000000000000000000000
00000000000000000000000000
00000000000000000000000000
00000000000000000000000000
00000000000000000000000000
00000000000000000000000000
00000000000000000000000000
00000000000000000000000000
00000000000000000000000000
00000000000000101100000000
00000000000000000010000000
00000000000001000110010000
00000000000000001001100000
00000001000010000000100000
00000000000010111100000000
00000000010111101111101000
00000000001010011111101100
00000000001011011111111100
00000000110111111111111110
00000000001111101111111101
00000001001111111111111110
00000000111111111111111111
00000000010111111111111010
00000000001011111111111101
00000000100101111111111101
00000000000001111111111110
