16 80 11
0000000000110000
0000000000001000
0000100000001000
0000000110100000
1000001011111000
0000111011010100
0000000001111001
0000000011010100
0000011110110000
1000011111000000
0000111110000000
0111001011000000
1100001110000000
1001110010101000
0111110110100001
0011011000100000
0000000000010000
0000000000000001
0000010101111011
0010001100010000
1000001010001100
0000000110000001
0001000000001010
0000000000100100
1000011010011100
0101011001011000
1000101100100000
0101001111010000
0000010111001000
1000000101100000
0001100011110001
0101101111111001
