17 104 5
00000100011100100
01101101111100000
11000111001100000
01101100011101000
00011010000011011
11111100101100000
11000011101011000
11111100010110000
10001110010100110
11000111110000101
01001000000000000
00110001000000000
00110000100000100
00100100000000000
00011001111000000
00011011000000000
00011101000000000
01000000101000000
11011010100000010
11110110101101000
01100001100110101
01101110101000100
01111001111110000
10111110110110000
11110011100001100
00001001010000100
11001010110010000
11000100000100000
10111010001000000
01000100010010000
00000101110100000
01001000000100000
00100000000001000
01001101000000000
