24 178 8
000000000000000000000000
000000000000000000000000
000000000000000000000000
000000000000000000000000
000000000000000000000000
000000000010000000000000
000000000100000000000000
000000010011010000000000
100000011001000000000000
001101111100000000000000
100000011100000000001000
000111111111000000010000
001111111111100100000111
011111111111110010000011
011111111111101010100000
000111111111110010101000
001111010111100001010111
100010011111010000011111
000010101110000010011101
001010010111001010011111
000010101000000011111111
000000000000000011111111
000010001000100000111101
000000000100000101111111
000000000000000000000000
000000000000000000000000
000000000000000011001000
000000000000100000000000
000000000000100000100100
000000000000001101101000
000000000000001110110100
000000000000111101110010
000000001101111011111011
000000000000011111111111
000000001001111111111111
000000000001111111111111
000000000110111111111111
000000000111111111111111
000000000011111111111111
000000000111111111111111
000000000010111111111110
000000000110111111111100
000000000010001111101000
000000000000000101010000
000000000000000010110000
000000000000100001000110
000000000000000000100001
000000000000000000000000
