20 52 7
00000000000000000000
00000000000000000000
00000000000000000000
00000000000000000000
00000000000000000000
00100000000000000000
00000000000000000000
00000000000000000000
00100010000000000000
00000000000000000000
00000001000010000000
00010001010000100000
01110001000000000000
10010110010000000000
10000011011000000000
11010101011010000000
11011101101100000000
11110010100100000000
10001000100000000000
11000000000000000000
00000000000000010000
00000000000010000000
00000000000011110110
00000000000000001000
00000000000001000010
00000000000000010110
00000000000000000001
00000000000000000110
00000100000000000000
00000000000000000000
00000001000000000000
10010000000000000000
00100000001000100000
00010100000000000000
01111001100000000000
01010000100001000000
01001111001000000000
00001001100000000000
00100001000000000000
10010011100000000000
