16 104 15
1001000010000000
0100000100000000
1001111010100000
0111010011111000
1010111101100000
0111111111010000
0111111111000000
1111111010100000
1111111111101000
1111111101000001
1111111110100000
0011111101000000
0100001101000000
0111000000000000
0000001000000000
0000000000000000
1111101111110110
0111111011111000
1011111111010011
1101001111111101
1101001111111010
0000111110110100
0000001011110000
1100000011010000
0100011001011000
0000010000000011
0011000000000001
0010100001100000
0000101001001100
1001000100000010
0000000000000000
0100000000000001
