24 217 8
111111110001000000000000
111111111000101000000000
111111111100000000000000
111111111110000000000000
111111111101000000000000
111111111011000000000000
111111111000000000000000
111111111111000000000000
010100010011011000000000
010100010110100000000000
001011000111100000000000
001010111111000000000000
000001010011010000000000
000001001011111101000000
000000000011111111000000
010010001101110111000000
000000000011111110010000
000001001111111111110000
000000001111111111100000
000000001111111111110000
000000000011111111011000
000000001011111111100000
000000000111111000000000
000000000000011001000000
000000000000000000000000
000000000000000000000000
000000000000000000000000
000000000000000000000000
000000000000000000000100
000000000000000000000001
000000000000000000001111
000000000000000000111111
000000000000000111111111
000000000000000111111111
000000000000001111111111
000000000000011111111111
000000000000111111111111
000000000001111111111111
000000000000111111111111
000000000001111111111111
000000000011111111111111
000000000011111111111111
000000000111111111111111
000000000111111111111111
000000000111111111111111
000000000011111111111111
000000000011111111111111
000000000111111111111111
