28 240 12
0101110100000111111111111110
1011111001111111111111111111
1111110111011111111111111111
0100111100111011111111111111
0010110110001111111111111111
0000011100101101111111111110
0011001000000111111111111110
1000010100011111111111110110
0000000000000010111111111011
0001000100000001111100110000
0000000000000011111111111100
0000000000000100011001111110
0000000000000010010100000000
0000000000000000000001000000
0000000000000000000010000000
0000000000000000000000000000
0000000000000100000000000000
0000001000000000000000000000
0000000000010001000000000000
0000000000000000000000000000
0000000110010000000000000000
0000000000100010000000000000
0000000010010101000000000000
0000000001000000000000000000
0000000000100000001000000000
0000000000000100011000000000
0000000010110100000000000000
0000000001001110000000000000
0000000000000000000000000000
0000000000000000000000000000
0000000000000000000000000000
0000000000000000000000000000
0000000000000000000000000000
0000000000000000000000000000
0000000000000000000000000000
0010000000000000000000000000
0000000010000000000000000000
0000001001010000000000000000
0000000010111110000000000000
0010010001011100010000000000
0010001011110010000010000000
0000111010111110010000000000
0000010111111000001000000000
0100001111111111100111000000
0000111111111100000101000100
1011011101111111111001000000
1001101011101111110000000000
0001111111111101111000010000
0001111110111111011110100000
0100111111111111011100010000
0010011110111110111101000000
0100000110111111110011000000
0010111011111111111110000000
0000001101011111111101001000
0000101111111111011111000000
0001111011111110010100000000
