24 144 12
000000000000000000000000
000000000000000000000000
000000000000000000000000
000000000000000000000000
000000000000000000000000
000000000000000001000000
000000000000000000100000
000000010010011000001000
000000000001110001100000
000000000100111001001000
000000011110110011101000
000000110110101111110000
000000001011111110010000
000000011111111111110100
000001111111111111001000
000000010101111111100100
000100011111111110010000
000000000011111011101000
000000011111110111000100
000000101011111001000000
000000000011111100101000
000000000000111111000000
000000000000011001000000
000000000000000000000000
000111001001010001010000
000000001100000000001000
000001001111101000001100
000000001100001101111101
010001111100011110010001
000000110010011010100100
000100111111110100100000
000110110110010111000000
010001110010111100000100
001110111001010110101101
010011111111010011000010
101000010001011000001000
000000011111010000000000
001000000101000000001000
001001010100001000000100
000000100010100100010100
000000100010000001000000
000000000000000000000101
000000000000000001000000
000000000000000000001000
000000000000000000000000
000000000000000000000000
000000000000000000000000
000000000000000000000000
