24 279 10
000000000000000010001100
000000000000100001000100
000000000000000111001010
000000000000001010000011
000000000001000100111111
000000000000011111111111
000000010001110111111111
000010000001001111111111
000010000000000111011111
000000010011100110111111
001000011101001101101010
000101001001110111111111
001011001111111011111101
000001010111011110011111
010001010111010111011100
001111111110111010101011
000111111111111101110111
001111111111111010000000
010011111111111110101100
001011111111111110110000
000101111111111100100000
000000000111110110111101
000010001010110010100010
000010101010111111111000
111111111111111110000000
111111111111111101100000
111111111111111100110000
111111111111111111110100
111111111111111111000000
111111111111111100100000
111111111111111111010000
111111111111111110100000
111111111111111100000000
111111111111111110000000
111111111111111110000000
111111111110111100000000
111111111111011010000000
111111111111110010000000
111111110001100000000000
111111110111000000000000
011111110101010000000000
110000000100000000000000
011000100000000000000000
000000000000000000000000
100000000000000000000000
000000000000000000000000
000000000000000000000000
000000000000000000000000
