20 181 10
00011000000100010000
00000000000110100000
00001000101011111000
00000010011110111110
01011010011000001010
00101001101111100000
00010011111011111100
00100010100001101100
00000100101111010110
00100110000101100000
10011111110010000100
00011101011101101000
00000110110100000000
01011111111011010000
01111111111001010001
00111111101001000000
01101011111110100110
01101011111101000100
11011111111101001000
01111100111010000000
00000000000101010110
00000000000010010111
00000000010100111110
00000000000011111111
00000000000111111111
00000000011111111111
00000010000111111111
00000011011111111111
00000000000111111111
00000000001011111111
00000000110111111111
00000000000111111111
00000000001111111101
00000000101111111111
00000001011111111111
00000000010111111111
00000000101111111110
00000000010111110110
00000000011111111100
00000000001111101000
