22 55 8
0001100000000000000000
0110100000100000000000
0001100000100000000000
0000011000000000000000
1001000000010000000000
0100100000000000000000
0000000000000000000000
0000000001000000000000
0000000000000000000010
0000001000000100010000
0000000000000000001000
0000000000000000110000
0000000000000000100010
0000000000000100011001
0000000000000000011110
0000000000000001000000
0000000000000010010010
0000000000000000000111
0000000000000010110000
1110000000000110000100
1110000000000000000000
0000000000000001000100
0000010001010010100001
0000000000110001011000
0000000000001000111100
0000000000000001100001
0000000001001100000101
0000001000110011100000
0000000111001000110000
0000000000110000100000
0000000000000001000011
0000000000001100001010
0000000000001001001001
0000000000000001100010
0000000000000000010000
0000000000000000000001
0000000000000000000000
0000000000000000000000
0000000000000000000000
0000000000000000000000
0000000000000000000000
0000000000000000000000
0000000000000000000000
0000000000000000000000
