22 197 10
0000000000010011101000
0000000000100100000000
0000000000100011011010
0000000110010111001100
1000000000100010100000
0000000001011110000000
0000011001000100100010
0010001001100011111100
0111000011110000100000
1110110000001101010000
1111110110001011001010
0111111110000000110000
0111011100110011000000
1111111110101100000000
1100111000000010010100
1111111111000010101000
1111111101010010011000
1111111001111011010000
1111111100110000000000
1101111111100010001000
1111111000100010000000
1111110110110000000000
0011011111110011010000
1111111100111100000000
0111111111101010000000
0111111111101001000001
1110111111001010000000
1111011101110000000000
0111111001100010100010
1111111110011000000000
1011110101000100000000
1101111101100000000000
1111111111100000000000
1010111111111000000000
1111111111000000000000
1111011001000000000000
1111111011010000000000
1111111000000000000000
0111111111010000000000
1010111011000000000000
1111101001100000000000
0001011000000000000000
0100000000101000000000
0100000000000000000000
