19 171 10
1111111111111111100
1111111111111110111
1111111111111111100
1111111111111111101
1111111111111111100
1111111111111101000
1111111111110110101
1111111111110111000
1111111011110110100
0111101110100110000
0001010011000000000
0010100100011100000
0001000000001000000
0000000000000000000
0000010000000000000
0000000100000000000
0000000000000000000
0000000000000000000
0000000000000000000
0000000000000000000
0000000000000000000
0000000001000110111
0000000000011111010
0000000001011111011
0000000000111111111
0000001011111111111
0000000011111111111
0000001111111111111
0000001111111111111
0000010111111111111
0000000111111111111
0000000011111111111
0000001111111111111
0000000001111111111
0000000000111111111
0000000001111111111
0000000000111111111
0000000000000111111
