18 58 10
000000001000000000
000000000000000001
000000000010011000
000000000011111010
000000000100001001
000000000000000001
000000010011101000
000000000011001011
000000101000010100
000000000000001111
000000000010010100
000000000000000110
000100001110000101
000000010001101011
000000000000010010
000001000001000001
000000000000001000
000000000000000110
000000000000000000
000100000000000000
000010000000000000
101100000000000000
000010000000000000
000001000000000000
010100000000000000
100000100000000000
001000100000000000
000000100000000000
010000001110000000
000111011000100000
100011011101000000
011000110100000000
000111010100000000
010101110001100000
000111101001010000
001001010000000000
