27 244 7
000000000000001000100000100
000000000000010011111111010
000000000000000110111101100
000000000000000010010000001
000000000000000001011000100
000000000010000100000000000
000000001000000000100000000
000000000101010001001000000
000000010110110001101100000
000000001111010101010101101
000000000111111001001100001
000000000101110111011010100
000000000111101111111011000
000000000000101110101111100
000001000001110111111111101
000001001001100011110110001
000000000000110111101110110
000000010010001100111111100
000000000100100101110111111
000000000010100111011111011
000000011000000011011111110
000000000000100001001111110
000000000100010000101110011
000000001000010101101111111
000000000100000011101111011
000000000000010001111111101
000000000000001111110111101
000000000000000000101111011
000000000000000000111001111
000000000000010000001100010
000000000000111011001111011
010000100000000001100011111
000000010010000110101010111
000000000011000000111011110
101001011010010011111111101
011101001011011101001111010
011110010000111010001110000
111110011101111001011011000
001111010111111111000001000
111100000111111111010110100
000001011111111111100001000
011010010111100101010100000
001001110001110100000000000
001000101011111110001000000
000101101001110000000000000
000000000001001000000000000
000000100001011000000000000
111000000010100001001000000
101000100000101001000000000
111000000010001000000000000
110110000000000000000000000
011100000010000000000000000
100001000000000000000000000
111111000000000000100000000
