17 130 15
00000001110111000
00000000011111000
00000011100110000
00000001111111100
00001001011011100
00000111001010110
00000010011001010
01001000000101001
11010000110010111
00101000010100101
00111101101101101
00110110100111110
00111111100011100
11110100111000101
10011010110000110
01101111101111101
00100110101000000
01111010111000000
11111101110000000
11011111110100000
00111111111101000
11111111111101000
00111111011100000
11111111111010000
11101111110101000
11111110001000010
11001011100100100
01110011001000000
01100111010000000
00000010101000100
11001000000000001
00001001101000001
00000000000001110
00000000100000001
