24 252 11
000000000000000000000000
000000000000000000000000
000000100000000000000000
000000000001000000000000
010000100001000000000000
000011100110000000000000
010011110111001000000000
000111111001100000000000
111011111110100000000000
111111111011101000000000
111111111111110000000000
111111111111110000000000
111111111111111101000000
111111111111110101000000
111111111111000000000000
111111111111111000000000
111111111111110000000000
111111111111111011000000
111111111111110010000000
111111111111110100000000
111111111111010100000000
111111111111001010000000
111111111111000000000000
111111111001101000000000
110101100000000000000000
110111110100000000000000
110011110010000000000000
111111100100000000000000
111111111010000000000000
111111111100000000000000
111110111110100000000000
111111111111000000000000
111111111111100000000000
111111111111000000000000
111111111010100000000000
111111111100000000000000
011011111000000000000000
111101111110000000010000
010111110001000011011000
000101000000000010101000
010010000000010111111111
000000000000010111111111
000000000001011111111111
000000000001111111111111
000000000011111111111111
000000000000111111111111
000000000011111111111111
000000000011111111111111
