26 100 10
00000000000000000000000000
00000000000000000000000000
00000000000000000000000000
00000000000000000000000000
00000000000000000000000000
00000000000000000000000000
00000000000000000000000000
00000000000000000000000000
00000000000000000000000000
00000000000000000000000000
00000010001000000000000000
00000101000000000000000000
00000000000100000000000000
00010010010000000000000000
00100111111000000000000000
01011111110000000000000000
00011111111110000000000000
00111101111010000000000000
00101111101101000000000000
00111111111010000000000000
00010111111111000000000000
00111111111100000000000000
00100110111011000000000000
00001101111110000000000000
00000001100000000000000000
00000000100000000000000000
00000001000000000000000000
10100000000000000000000000
10010100000000000000000000
11011100100000000000000000
10111000000000000000000000
11010101000000000000000000
11111001000000000000000000
11001100000000000000000000
10111100010000000000000000
00000010100000000000100000
01010100000000000011000000
10000000000000000000000100
00010100000000000000111001
00000000000000000101110000
00000000000001011110111111
00000000000000000100000001
00000000000000101001001000
00000000000000000000101111
00000000000000000101011110
00000000000000100011001100
00000000000000000110010111
00000000000000101100000000
00000000000000000000000000
00000000000000000000000000
00000000000000000000000010
00000000000000000000000000
