26 145 9
00000000000000000110011100
00000000000000110001100001
00000000000000100000001001
00000000000001100101100000
00000000000010100011110110
00000000000001001110111100
00000000000000000000000000
00000000000000100000110100
00000000000001101000111100
00000000010000011100100101
00000000000000000111100010
00000000000001111101101100
00000000100000010001110110
00000000000001000110011111
00000000000101100011011011
00000000000010000111111001
00000000000000001011110111
00000000001001100101010110
00000000000100010000110111
00000000000011000101011110
00000000000001000100001100
00000000000001000000011000
00000000000000001000000100
00000000000010000000010010
00000000000001000000001100
00000000000010000000000000
00101100111100000000000000
00010111010100100000010000
00001011010101000000000000
11010011111010100000000000
00101000011101000000000000
00110111101001010010000000
00000000010000001010000000
00000000011001101000100000
00100010000101001000000000
00000000001001101001100000
00000000000101000000000000
00000000011000010000000000
00000000010000010000000000
00000100000010011000000000
00000000001001010010000000
00000000100010010000100000
00000000000111001010100000
00000000000000000001001000
00000000000010000000100000
00000000000010011110010000
00000010101111110000000000
00000000001111111011010000
00000000011101011100011010
00000000000000001010100010
00000000100101011000001000
00000100010101000001000000
