25 284 8
0000001111111111111111111
0000010111111111111111111
0000010111111111111111111
0000001111111111111111111
0000001111111111111111111
0000001111111111111111111
0000001111111111111111111
0000000111111111111111111
0000010111111111111111111
0000001011111111111111111
0000000011111111111111111
0000000011111111111111111
0000000000111111111111111
0000000000111111111111111
0000000000011111111111111
0000000000110111111110001
0000000000000011100010000
0000000000000010101000000
0000000000000000000000000
0000000000000000000000000
0000000000000000000000000
0000000000000000000000000
0000000000000000000000000
0000000000000000000000000
0000000000000000000000000
0000000000000000000000000
0000000000000000000000000
0000000000000000000000000
0000000000000000000000000
0000000000000000000000000
0001000000000000000000000
0000000000000000000000000
0000010000000000000000000
0000010010000000000000000
0000011101110010001000000
1011111111110111000000000
0110111111111111010000000
1111111111111111100000000
0111111111111111110000000
1111111111111111110000000
1111111111111111111100000
1111111111111111111000000
1111111111111111110010001
1111111111111111111000000
1111111111111111110010000
1111111111111111110010000
1111111111111111101100000
1111111111111111110000000
1111111111111111111000000
1111111111111111111000000
