19 124 5
0001001000001100000
0010001010001000001
1000000000001000000
0000000001010101001
1000000000011000001
0001000001000100110
0000110000000001000
0110001001000011110
1110001000001000010
1101000000111111001
1110000100111100101
1011100100100111000
0010100000100011000
1000000011011000010
1100100011100110110
1010000100111100100
1000010101010101110
0000010110010101010
0000100101110011010
0000000001110000000
0000000010100000000
0010010001001000000
0000010110010000000
0101000111111000000
0001110111111101000
0000001000010111100
0010110001101110001
1100010101110011101
0000010010011001111
0000101010001011111
0000000011010001111
0000000000110010111
0000000010000111111
0000000010101111101
0000000000011011101
0000000000101100101
0000000000000100101
0000000010001011111
