30 233 5
000000101001010000000000000000
000000101111000000000000000000
001000111111110000000000000000
000000010111110100000000000000
000000010110110000000000000000
000010111111110010000000000000
000000111011100000000000000000
000000101001000000000000000000
000000000001000000000000000000
000000011100000000000000000000
000000100000000000000000000000
000000000000000000000000000000
000100000000000000000000000000
000000000000000000000000000000
100000000100001000000000000000
000000000000000000000000000000
010000000100100000000000000000
100000010000001000000000000000
100001011110100000000000000000
011110110011000000100000000000
011011001000010100000000000000
111111111100111000001000000000
111111111111101000000000000000
001111111111111100100000000000
111110111111111111000000000000
111111111111111100010000000000
111111111111101011000000000000
111111111111111111000000000000
111111111111110110010000000000
111111111111111110100000000000
000000000000000000000100000010
000000000000000000000000000000
000000000000000000000000001100
000000000000000000000000001101
000000000000000000000000101110
000000000000000000000011111111
000000000000000000100111111111
000000000000000000010111111111
000000000000000000101111111111
000000000000000000011111111111
000000000000000001111111111111
000000000000000000111111111111
000000000000000011111111111111
000000000000000100111111111111
000000000000000010111111111111
000000000000000000111111111111
000000000000000000111111111111
000000000000000001111111111111
000000000000000000011111111111
000000000000000000001111111111
000000000000000000101111111111
000000000000000000001111111111
000000000000000000000111111111
000000000000000000000000111111
000000000000000000001000110111
000000000000000000000010010101
000000000000000000000000011010
000000000000000000000000000000
000000000000000000000000000000
000000000000000000000000000000
