16 82 11
0000001000000000
0000000000000000
0000000000100000
0000110000000000
0000000000000000
0000101000000000
0001000001000000
0001101101010000
1000111101010001
1101100101101000
0010110111110000
0011111110001010
0001111111101100
0011010101100000
1011110111001101
0001111010100110
0001111111111110
0000001110111010
0000111110110100
0011111111111111
0010101111101100
0100111111111010
0001011111010100
0001101011110010
0000001001000100
0000001001000000
0000000000000000
0000000000000000
0000000000000000
0000000000000000
0000000000000000
0000000000000000
