22 155 7
0010100000001000000000
1111110000000000000000
0101001000000000000000
1111000010010000000000
1110110010000000000000
1111110000001001000010
0110010000000000000000
1011110010000100000000
0010010010001000000010
0010000010000000010001
0011110001000001000010
0100000001011000111101
0001010000100001111011
0100010000001101111011
0000101101001011000111
0000101011101100001011
0000001111000001111111
0001001110011001001110
0000010110100000011101
0000000010110100011001
0010000010101110000001
0000000010011100100000
0001111101111000000100
0011111110111101000000
0111111111101011000111
1111110110010000010000
0101111011111000000000
1111101111111011000010
0101111111111000100000
0110101011000001000000
1010111011001101000000
0101011111010000000000
1001100001000100000000
0000110000100000000000
0100000000000010000000
0001000100000010000000
0000010000000000000000
0100100000000000000000
0011011110000000000000
0000111000000000000000
0001001011000000000000
0101111100000000000000
0111111000000000000000
0100011100000000000000
