27 231 15
000000000000000000000000000
000000000000000000000000000
000000000000000000100000000
000000000000000000001000000
000000000001010000000000000
000000001000000000000100000
000000000100000100000100000
000000000000000001000000000
000000000000100010000010000
000100001100100000010000000
000001001101100110100100000
000100110111111011000010000
001001111111101011000000000
010111001111111111100000000
101011111111111111110001000
100110111111111110110100000
101110110111111101100000000
001101111111111011001000000
100110111111111011010001000
100011111111011010100000000
001110011010111010100000000
101110110111110100100000000
111111111010101010000000000
110101011110100010000000000
111011111010100000000000000
100111101011100000000000000
101010000100000000000000000
100011101111011101010000000
000101110110100110101010000
001011111010011110100101000
000010111101111111101101011
010001001010101111110001001
010111111111111011111000010
000011111001101101111010100
000000010111111000110011010
010001011101111101111010011
000000000000110001011110111
000000001000100110000101101
000000110000000011010101001
001000010000001001101110100
000010000000001010001010101
000010000000001000100101111
000110100000001110100001100
000011000000010000010000001
001101001000010000000110000
000110100000000000000000000
000101111000000000000000000
001101001000000000000000000
000101010000000000000000000
000011010011100000000000000
000100110000000000000000000
000000100000000000000000000
000000000000000000000000000
010000010000000000000000000
