25 242 14
0000000000000000000000000
0000000000000000000000000
0000000000000000000000000
0000000000000000000000000
0000000000000000000000000
0000000000000000000000000
0000000000000000010000000
0000000000000000000000000
0000000000000000000000000
0000000000001000000010000
0000000000000001010000000
0000000000000100011110110
0000000000001111111110000
0000000110011111111111111
0000001011111111111111111
0000000011111111111111111
0000010111111111111111111
0000000111111111111111111
0000001111111111111111111
0000101111111111111111111
0000001011111111111111111
0000001111111111111111111
0000010111111111111111111
0000001111111111111111111
0000001111111111111111111
1100000000000010111100010
0010010000000011111111111
0000000100010111111111111
0010011100001111111111111
1110010000000011111111111
1101011000000011111111101
1111010010100000111101011
1111101111000001101101111
0111010100000000100111111
1101101011000011101111111
1110100101001000011111111
1111100000000100101111011
1011111100000000110110111
1101110100000001001111110
1111001001000000010111011
1011011000000000001000100
1111100000000000001000010
1111000000000000000000000
1011011000000000000000001
1010000000000000000000100
1011100000000000000000000
0000000000000000000000010
0000000000000000000000010
0000000000000000000000000
0000000000000000000000000
