20 173 11
11111110000000000000
11011000000000000000
11100100000000000000
11100000000000000000
10000000000000000000
11101101000000000000
11111110100000000000
11110101100000001000
11111110000000000000
11111011111100000000
11111111110001010000
11111111110000010000
11111111011000001000
11111111111001011010
11111111000010010110
01101001010101101101
10010000110110111111
00010001100001111111
00000000100101111111
00000000011111111111
00000001010111101100
00000111111110111010
00000011111111111011
00001011011011111101
00000010111111111110
00001001011111111101
00001001111111111000
00000001011111111000
00000000011111111000
00000000111111010001
10000011010111110010
10100010000110000000
11110010000010000010
11100000100000001000
10110000001001010010
01010010000110101000
11101000001010101010
00001000000011101100
10100011000100101000
00000110001010100000
