26 152 8
00000000000100000000000000
00000100011001000010000000
00000000000011000000000000
00000000001000000000010000
00100000010000001000000000
00000100001110000010000000
00100000000010000000100000
00000000001100101000000000
01001010000100101100000000
00000010010011100000000000
01110000100110010000000000
00000001111111011000000000
00000010001111101100000000
00000100010011000000000000
00000011101111101100000001
00001111010111111000000000
00001101001111000101000000
00000010011100101001000000
00000000001110000010000000
00000000101000001001000100
00000000001000011001110000
00000000101010001101000010
00000000000000111111110110
00000000001010011100011000
00000000000000101110000000
00000000000011000111100000
00000000000000000000000000
00000000000000000000000000
00000000000000000000000000
00000000000000000000000000
00000000000000000000000000
00000000000000000000000000
00000111000000000000000000
00011001000000000000000000
00100000101000000000000000
01010111100000000000000000
00011111100001000000000000
01110111111001000000000000
11111111110100101000000000
10011111111110000000000000
01111111111111000000000000
11111111111100000000000000
00011111101000000000000000
01111111111100010000000000
00111111111100000000000000
11111111110000000000000000
10101111111100000000000000
11111101110000000000000000
00101110000000000000000000
00100110000000000000000000
11100000000000000000000000
01101000000000000000000000
