23 140 5
00000000000000000000000
00000000000000000000000
00000000000000000000000
00000000000000000000000
00000000000000000000000
00000100000000000000000
00000000000000000000000
00100000000000000000000
00001000000000000000000
00110010000000000000000
00000000111000000000000
00010100010011000000000
00001110110011000100000
01110100111110000000000
01111011011111101000000
01111111111100010000000
11101111110011000000000
11111111111100010000000
11111111111111000000000
11111111111110000000000
00101111111000100000000
01110111111100100000000
10111111111001101000000
01000000100000000000000
00011010101100000000000
00010000010011100000000
00000100100001110000000
01000100110010101000000
10100001100111010010000
10001000011000000001000
00000000001100101100000
11111110001001001000000
10110101001111010110000
11110101100100000001000
11001001000101000010000
11111111100000000000000
11111111110000010000000
11010110000000100000000
11011110000000000000000
11101111000010000000000
10110100000000010000000
11011111100000000000000
11001000000000000000000
00000000000000000000000
01010000000000000000000
00000000000000000000000
