16 62 9
0000000111111000
0000000101110101
0000000000001001
0000010010100000
0010000110101100
0100000000011010
0000100000010010
0100000010100001
1000000000000110
0010001101100000
0101010000010000
1110110000000001
0010100010100000
0010000000000000
1000000100000000
0011000000000001
0000000000000000
0000000100010000
0000000000000000
0000000000001000
0000000000000000
0000000000000100
0000010110010001
0000000010010000
0010100000110100
0000001100011110
1001001011111001
0110010000011100
0010111101000001
1000010101000110
1100110100010101
0000100011010000
