24 187 13
000000000000000000000000
000000000000000000000000
000000000000000000000000
000000000000000000000000
000000000000000000000000
000000000000000000000000
000000000000000000000000
000000000001000000000000
000000000000001000000000
000000000000010100000000
000000000000011001100000
000000000001110011000100
000000000000111111010000
000000000011111111110000
000000001011111111111111
000000000111111111111011
000000001111111111111110
000011101111111111111111
000101011111111111111111
000000001111111111111111
000000011111111111111110
000000001011111111111110
000000000111111111111111
000000000110111111111110
000000100000010010110000
000001000011001111100100
000000001000010101010110
000100000001000110100000
000000000100001001010011
000101000001000001001110
000000110000000100110000
010010100001000111010100
001101011101000010001100
000000110000001001000000
010101110100101111100000
000010110110010101110000
010010110000100000000000
000010001111101001000000
000010001101101100010000
101000000000011010000000
000100010000011010001000
000000110011010100000000
000100100011111010110100
000000011111111011010000
000000001010111100000000
001010110010111100101010
000000011101111001100100
000001011101100111010000
