26 204 10
00000010011111111111111111
00000010111111111111111111
00000011111111111111111111
00000011111111111111111111
00000001111111111111110100
00000011111111111111101101
00000001111111111111110101
00001011111111111110000010
00000010111111111110010000
00000010111111111101010000
00000000111111111100000000
00000000111111110010100000
00000000111101110000000000
00001000000111100000000000
00000000000100001000000000
00000000000001000000000000
00000000000000000000000000
00000000000000000000000000
00000000000000000000000000
00000000000000000000000000
00000000000000000000000000
00000000000000000000000000
00000000000000000000000000
00000000000000000000000000
00000000000000000000000000
00000000000000000000000000
00000000000000100000000000
00000000000000000000000000
00000000000100000000000000
00000000000000110000000000
00000000011010000000100000
00000000000000011100001000
00000000000000000000000000
00000000000011110000001100
00000000000000000000100000
00000000000000011000001010
00000000000000100111111110
00000000000010000011111110
00000000000000001011111110
00000000000000000001111110
00000000000000000110111111
00000000000011010111111111
00000000000010101010111101
00000000011001010111101000
00000000100100110111101000
00000000000101111111111100
00000001101111111111110001
00000100010111111111111010
00000001011111111110111000
00000001111111111111001110
00000010101111111111111100
00000000111111111111110100
