18 125 11
000000000000000000
000000001001001000
000000100000000000
000010000100000010
000000010000001101
000001010000110100
100000000000100010
000000000001111100
000000000000101010
001100001100101111
000000000110101010
000111000011001111
111100100110111111
100010100011110101
111100100001011111
111011100011111111
101110111101111111
011110101101111101
000100111001101110
001001110011111001
000010000111111111
000011110100111100
001100111111000000
000000111011011001
000001101100000110
100000010100001100
000000100010000001
000000001000100000
000000111100000000
000101101111000000
000011101110000000
000100110101100100
000101111101011000
000110111111000000
001001111111000000
001011010110000000
