28 183 13
0000000000000000010000000000
0000000000000000000000000000
0000000000000001000000000000
0000000000001110000000000000
0000000001000100111010000000
0000000000010111111010000000
0000000000000111110110000000
0000000000011111111110000000
0000000000111111111110010000
0000000000011111011111110000
0000000011101111011011011000
0000000000010011111111110000
0000000000000101011001110110
0000000000000001010101011100
0000000000001101011010111100
0000000000010000010111101111
0000000000000000111010110111
0000000000000000100111110001
0000000000000000001001110110
0000000000000000000010001100
0000000000000001100000000000
0000000000001000000010000000
0000000000101110000001000000
0000000000000010000000000000
0000000001111110110010000100
0000000000100010100000000000
0000000001111111010000000000
0000000001011111100000000000
0100011111111110000000000000
0011011111110010000000000000
1010111111110000000000000000
1001010111100000000000000000
1101101011111000000000000010
1111011110110000000000000000
1111011000000000000001000100
1111100010100000000000010010
1111111111000000000100101001
1111111110000000001110010110
1111111110000000010101100011
1111111010010000000101011111
1011111100100000000001000011
1101100000000000000000000010
1110010000100001000000101111
0100000100000000010110000111
0000000000000000000000000011
0000000100000000000001011000
0000000000000000000000010101
0000000000000000000000000110
0000000000000000000000000000
0000000000000000000000000001
0000000000000000000000000000
0000000000000000000000000000
0000000000000000000000000000
0000000000000000000000000000
0000000000000000000000000000
0000000000000000000000000000
