23 124 15
00000000000000000000000
00000000000000000000000
00000000000000000000000
00000000000000000000000
00000000000000000000000
00000000000000000000000
00000000000010000000000
00000000000000000000000
00001000000000001100000
00000001101000100000110
00000000000010000001000
00000001010100011010000
00000001010110001111010
00000000000011110100001
00000000001100010100001
00001000001011010110011
01110000001011100110000
00000010001000001011111
00000001001101001110111
11010000001001111000001
10000101101100111101110
01001101111111110011111
00000111110011010001110
00000010000000010000100
00000000000000000000000
00000000000000000000000
00001000000000100000000
00000000000000000011000
00000001000001000000000
10000000010000000000000
00000010100001001000001
00000000001000101100000
00000000100110000100010
10000000001000000110011
00000100000000011011111
01000000010010001110110
11000110000110000011000
01000001001000000011001
01110000011001001110000
00110010100001011011001
10110010001000110101111
10111110100000000101110
11101100000000000010011
01011001011000000010010
00001100010000000000010
01000000000000000000000
