21 143 11
000100000000000000000
000100100000000000000
000000001001001000000
000100011110000100000
010111011001000100100
010011001110000000000
000001101001111001100
000001001010100110100
001000001011101000000
000000001100101100001
000010101111010001110
100001001001000111110
000000001110110111010
000000011001111011000
000000001101011011000
000000001011010111100
000000000011110101110
000000000100110111110
000000000010110101100
000000001001001100011
000000000000111111111
000000000000000000000
000000000100000000000
000001000100000000000
000001000000000000000
000010000100000000000
000100100000000000000
111110001010000000000
001111000000000000000
111111110000000000000
111111111001000000000
111111110000000000000
111111110000000000000
111111101101100000000
111111101100001000000
111111111000000000000
111111111011000000000
111111111110000000000
111111111100000000000
111101111110010000000
111111110101000000000
111110101000000000000
