18 105 5
011111111110100000
000101111101000000
010011111010000000
011111111111100000
101111111011110000
111111111111100000
101111111110010100
100001111110001000
000010110110100000
001111111001000000
010011111000000000
000011000100000000
000000000000000000
000000000000000000
000000000000000000
000000000000000000
000000000000000000
000000000000000000
000000000000001000
000000000000001100
001000000100000000
000000100001111001
000000001010000001
000010010000010011
000000000000101000
000001000100001101
001000001110010000
000100110011000000
000000100011100000
001101011001110001
001000100111101010
000001111110001100
001111111111110001
101011111011000010
000011110111111000
000101101001110000
