18 75 12
111100000000000000
010100100000001000
001010100000001000
000010000000000010
000001100000010000
001010000011000000
000000000010000010
001100000010000100
010010000001000010
000110000001000000
001000000000010100
110100000100100001
100110100000001010
000001100001001101
110000010000000110
000000100010100111
001000000010000110
000000000100010111
000000000000000000
000000000000000000
000001000000000000
000000000000000000
100100000000000000
000000100010000000
100000000000000000
001101000000000000
111111000000100000
111001111100000000
101111100000000000
011101100000000000
111110100000000000
111111110000000000
111111110000000000
111110010000000000
110011111100000000
100101010000000000
