22 190 5
0000000000000000000000
0000000000000000000000
0000000000000000000000
0000100000000000000000
0001101000000000000000
1111110000000000000000
1111110000000000000000
1111111101000000000000
1111111110000000000000
1111111111100000000000
1111111111100000000000
1111111111110000000000
1111111111100000000000
1111111111101000000000
1111111111111000000000
1111111111110000000000
1111111111110000000000
1111111111111000000000
1111111111110000000000
1111111111111000000000
1111111111110000000000
1111111111110000000000
1000000001111111100000
1001000000011111110000
1000000001010110000000
0011100000101110000000
0000000000101010001000
0000000000001100010100
0000000000010010000101
0000000000000001110100
0000000000100010010001
0000000000000001010111
0000000000001101001101
0000000000000101111011
0000000100000011111011
0000000000000111111111
0000001011010111111111
0000001101010111111111
0000000110111111111111
0100001010110111111111
0000010001111110111111
0000011111111011111111
0000000010011111111111
0000000001011001111111
