17 130 11
00000000000000000
00000000000000000
00000000000000000
00101100000000000
00100000000000000
11110100010000000
11111110111001000
11111111110000000
11111111111000000
11111111111000000
11111111100001000
11111111111010010
11111111110100100
11111111111000000
11111111110100000
11111111110000000
11111111110000000
00111111111111111
00001111111111111
00001111111111111
00011111111111111
00011111111111111
00000111111111111
00000011111111111
00000111111111111
00000001111111111
00000100001111111
00000000001111111
00000000000000010
00000000000000000
00000000000000000
00000000000000000
00000000000000000
00000000000000000
