25 229 13
0010111111111111101110110
0010111111111111101000010
0001011111111111111100110
0001101111111111110111100
0000101111111011111011001
0001100101110011100001101
0001000111110110000011001
0010101101111011110100010
0110100011111111011100000
1000001010101010001010000
0011001100011100110000000
0000000000000001010110101
0000000010000100010010000
0000000000000111100001010
0000000000000000000000000
0000000000000000000001001
0000000001001000000000000
0000000000010100000000000
0000011011111100000000000
0000010111101000000000000
0000001111111100000000000
0000011111111110000000000
0000011111110100000000000
0000000111011110000000000
0000000101101100000000000
0101011100100000100000000
0000000100010000011000010
0100001111111000000000000
0001001000000001011100000
0010100101000011101101000
0001010010010010011001000
1001001101000001010110100
0000101000001001010101000
0010000001000011110110100
1000000001101110111110000
0100000100111101110110001
0000010001011011100011000
0000000001001111010110001
0000000110111111111100001
0000000010101111100111010
0000010101101111111011100
0010000100100111010010001
0000000011111111100011110
0000001011111100111111110
0000000011011101111111100
0000001001110110111000001
0000000000110010111110000
0000000001011111010010000
0000000001011000000010000
0000000000000000000000000
