25 112 15
0000000000000010100000110
0001000100010000010011100
0000000100100001000100101
0110000000100101000001011
0000000000001001010101110
1010000000100011111110011
1000000000000011110100000
1010010000001100010001010
0010101001111111111001101
0001100000111011011000010
1110000000000011010111000
1101010001000101010111000
0000001000000011000000000
0000000000010011000000010
0000000000000000000000000
0000000000000000000000000
0000000000000000000000000
0000000000000000000000000
0000000000000000001000000
0000000000000000000000000
0000000000000000000000000
0000000000000000000000000
0000000000000000000000000
0000000000000000000000000
0000000000000000000000000
0110000001000000000000000
0000000000100000000000000
0000010001110000000000000
0000001101010000000000000
1000010011010000000000000
0000001000001000000000000
0000010010001100000000000
0100011100110100000000000
1000100001100000000000000
0101101101110011000000000
1001111101110100000000000
0101011110110101010000000
0011111111001000000000000
0111101111111100000000000
0000110110110000000000000
0101001011100000000000000
0000101101111100000000000
0001001000000000000000000
0110000000000000000000000
0000000000000000000000000
0000000100000000000000000
0000000000000000000000000
0000000000000000000000010
0000000000000000000000000
0000000000000000000000000
