28 328 9
0000000000000000000000000000
1000000000000000000000000000
0000000000000000000000000000
0000000000000000000000000000
0001000000000000000000000000
0000000000000000000000000000
0000000000000000000000000000
0100010000000000000000000000
0101000000001000000001001000
1010000000000000000000000000
1000100100000000100100111000
0010010010000000011100000000
1111000000000100101001011010
1101111100001101010101110000
0101001100000100111101000100
0111001011111111100110110110
1110011011110001111111111111
0110111011111101111111101011
1101111101111111111111110111
0011011010111111111111111011
1001000010110101111111111100
1111011111111111111111111111
0001100011101111111111111111
1010000101001111111111111110
0000001011101111111111111010
0010000001111111111111111111
0000010110101011111111111100
0000000001011111111111111011
0000001001000010000000000000
0000100110110100000000000000
0101001111001000001000010000
0000111101100000011000000000
1010100110110101111000000000
0001110101100000000000000000
0011101100111100000100000000
0101001101111111010100010000
1110000111111000111010000000
1000101001111111110100000000
0110011011110111010011000000
0001011111110101110101000000
0000000101111111011010000000
0001000111101101010011010010
0000010000111110001011010000
0000011110110111010100100000
0000011000101111110100100000
0000010011110111111111100000
0000100011111111110000000000
1100001110111011110110000000
0000001011111111110010000000
0000011011111111111001000000
0001011111111111110100000100
0001010111011101111000000000
0001001011111111110000100000
0001100111111100110000000000
0001101111111111001010000001
0101101111110111110100001000
