16 114 7
1111000010100011
1110101100010010
0111011101000000
0101111101000000
1010101010011000
1011111101011000
1111110011101000
1011100110000000
1110110011011000
1111000001000000
0011101111101001
0011010000100000
0111000010001100
0010000010110100
0100001010100000
0000111001011110
0000000001000010
0000011011101111
0001011001011101
0000101011110001
0100000110011011
0000100001101101
0000110110011111
0000111111101111
0001001011011111
1001010100111111
0010100111111111
1100000011111110
0000000111001011
0000000000111110
0001000110001010
0000000000000000
