21 206 15
111001000111000000000
000110001110000100000
001101100111111000000
101011110111110000000
000011000111100000000
010001100111111100000
010011010111010000000
100000101100101000000
001001010111100000000
111001011001000000000
000011010011000100010
000001101101001100000
001111010011011100101
000010111100010001110
001000111011101111101
110110111011110011000
011011101110001111010
010011111111111100001
101100111100011001110
111011111111111010000
001001110111111110001
000000010111111111111
000000100111111111111
000000000011111111111
000000000111111111111
000000000111111111111
000000111001111111111
000000011111111111111
000000000111111111111
000000010000111111111
000000001111111111111
000000000011111111111
000000000000111111111
000000000001101111111
000000000000111111111
000000000000001111111
000000000000001101111
000000000000000011111
000000000001001011111
000000000000001111111
000000000000001111111
000000000000000111111
