24 271 9
111111111111111111110000
111111111111111111111000
011111111111111111100000
111111111111111111110000
011111111111111111110000
111111111111111111101000
011111111111111111011000
111111111111111111100000
111111111111101111000010
011111111111111111000000
011111111111111100000000
011110001111011110000000
101110111011101000000000
000001011001000000000000
011100100001100000100000
011000010110000100000000
000100100000000000000000
101111010000000000000000
100101000000100000000000
010111000000000000000000
011111100000000000000000
000010000000000000000000
010000000000000000000000
000100000000000000000000
000000000000010000000000
000000000000001111010100
000000000001011001110100
000000100000011110100000
000000010010011111100000
000000001110111101100100
000010001101101000111010
000100011111010010101010
000001011011000111010000
100111111011110110011010
010011111011111111100000
011101110111111100000100
011010110111000111100000
001011111110000110010100
101011111111110110101000
001111111111111101000000
001010111101100000101000
111010111111101100101000
011111111110111100100000
110001011100011110000000
111111110110001001000001
000111111100111111111000
110010111001011010101010
100110011000001111101000
