18 95 8
001000000111101000
000000010111100000
000000010011110000
000100100001000000
000100110000110001
000000000001000000
010101011001001111
000111100101010100
000000010001011111
010000010111011001
000000001100001001
000001000110111000
010010010101110000
000001101010010100
000010000000000101
000100000101000000
000011010000000000
001010100000001000
100010000010001000
101101100100000000
010001001001010010
011000000000010000
111000000001000000
000000100000000000
110100110010000000
000001011111000000
000100000111111000
000000111111110000
000001011111100010
000001010111110100
000000011001110000
000000011011111000
000000000001111000
000000000101001000
000000000011110100
000001001100010000
