25 108 11
0001000000000000000000000
0000000000000000000000000
1010010000000001000000000
1010000000100000000000000
0010000100001000000000000
1011111001000000001000000
1101111000000010000000000
0111111010110000000000000
0111110100100000000000000
0001010100000000000000000
1010101101000000000000000
1001001111100000000011000
0111111011000000000000000
1011111001100000000000000
0101111000000000000000000
0101110010100000000000000
0000011001010001000000000
1010100100000000000000000
0000000000100001000000000
0001000000000000100000000
0000000000010000000000000
0000000010000000000001000
0000010000000000000000000
1010000010000000010000000
0000000000000000000000000
0000000000000000000000000
0000000000000000000000000
0000000000000000000000000
0000000000000000000000000
0000000001000000000000000
0000000000000000000000000
1100000001000000000000000
0000000000000001000000000
0001000001000000000100000
1100001010000000000000000
0100100001101000000000000
0000010111000000000100000
0010100011000000000000000
1101111000000000010000000
0000110111100000000001000
0001101110100000000010000
1000011110100000000000100
0110110010011000000100000
0110111111100000001000000
0010101010100011000010100
0011000010110100100000000
0100101000110001010000010
0000001010000000100000000
0010011000000000000000000
1011001000100001000000000
