26 227 9
00000000000000000000000000
00000000000000000000000000
00000000000000000000000000
00000000000000000000000000
00000000000000000000000000
00000000000000000000000000
10000000000000000000000000
00000000000000000000000000
10001000000000010000000000
00100000000000000000000000
10110010011011010000000000
11111000000101100001000000
01011001000111111100000000
10100000010111111101100000
11111100111111111000110000
11100110101111111101010000
11010000110111111111100000
01011001111111111111100000
11111111101111111110011110
11111010101111111101001000
10101011000011011111011110
10100000000011111001111011
10010100000101001100111111
01000000001010101100111111
00000010010010001011111111
00001100000000000111111111
00011111111011100000000000
00111111111111000000000000
01111111111111110000000000
01111111111111111000000000
01111111111111110100000000
11111111111111111110000000
11111111111111111000000000
11111111111111110000000000
11111111111111111100000000
11111111111111111000000000
01111111111111111000000000
01111111111111110000000000
00111111111111100000000000
01111111111111100000000000
01001111111100000000000000
00000101100000000000000000
00000000000000000000000000
00000000000000000000000000
00000000000000000000000000
00000000000000000000000000
00000000000000000000000000
00000000000000000000000000
00000000000000000000000000
00000000000000000000000000
00000000000000000000000000
00000000000000000000000000
