20 76 14
00000001111111001000
00001101111111100000
00001111111111100000
00000011111111010000
00000111111111011000
00011111110111000000
00000111001111000000
00000110010110010000
00000001100100000000
00000000001000000000
00000000000000000000
00000000000000000000
00000000000000000000
00000000000000000000
00000000000000000000
00000000000000000000
00000000000000000000
00000000000000000000
00000000000000000000
00000000000000000000
00000000010001000000
00000000000011000000
00000100100000000000
00000000010101010000
00000001010000000000
00000001011001000100
00001000000110000100
00001100100001100000
00000001010110000000
00000000110010001000
00000000000110010000
00100000001000000000
10000010100100000010
00100100000011010000
11110100010000000000
11010010000000000000
11110001010000000000
01000011100100010000
10001000000000000000
10011000000000000000
