24 62 6
000000000000000000000000
000000000000000000000000
000011000000000000000000
000010000000000000000000
010100000000000000000000
000000000000010000000000
000000000000000000000000
000000000000000000000000
000000000000000000000000
000010000000000000000000
000010001000000000000000
001000000000000000000000
011010011000000000000000
000000000000000000000000
001000000000100000000000
000001000000000000000000
100010101000000000000000
101100100100000000000000
001101011000000000000000
010011110101000000000000
011001011010001000000000
000011010100000000000000
001011010100001000000000
000111110100000000000000
000000000000100101000000
000000000100000000000000
000000000100110010000000
000000000011010000010100
000000000001010010010000
000000000011010000000000
000000011000011010100000
000100000110000100000000
000010000011110000000000
000000100000000000100000
000000000000000010000000
000000000111100000010000
000000000010100001000000
000000000001000000000000
000000000001000000000000
000001000000000000000000
000000010000000100000000
000000000010000000010000
000000010001100000000000
000100001000000000000000
000000000000000100000000
000000100000000000000000
000000000100000000000000
000000000000000001000000
