26 130 13
00000000000000000000000000
00000000000000000000000000
00000000000000000000000000
00000000000000000000000000
00000000000000000000000000
00000000000000000000000000
00000000000000000000000000
00000000000000000000000000
00000000000000000000000000
00000000000000000000000000
00000000000000000000000010
00000000000000000000000000
00000000000000010011101010
00000000000000011110001110
00000000000010001111111110
00000000000000000110011111
00000000000000011111111111
00000000000000001111111111
00000000001000011001111111
00000000000000100111111111
00000000000000111111101100
00000000000011111100111110
00000000011010111111101010
00000000000000111011111110
00000000001111101111100010
00000000001100011100000000
00000000000000000000000000
00000000000000000000000000
00000000000000000000000000
00000000000000000000000000
00000000000000000000000000
00000000000000000000000000
00000000000000000000000000
00000000000000000000000000
00000000010000000000000000
00000000000000000000000000
00000000000000000000000000
00000010000000000000000000
00100100000000000110000000
11000000010011000000110100
10010000000000001000100000
11110101100010000001000100
01100100000000000010000000
10110000010000100100111001
11101001100101101001100110
10000110110100010000111001
11110110010011010010000101
11110100001011110001111110
10000000101011010011110101
01100000000101001101011100
10000100001000000110000010
00000000000000100110110010
