17 112 14
00001000000000100
01000000000000000
00001100000100000
00001001000100000
00101110100000000
00000001000000000
00000011101000100
01010000111000000
10000100001100100
00000000011010110
00010110111101111
00101111011110101
01001110111111111
00001111111101111
00001110111110110
00010010111111101
00001111111110010
00000100000000000
00001000100001000
00000100010000000
01011000000000000
11000010000000000
10001100000000000
11110000000010000
01001110000100011
00010010000100011
11111100101000010
01111101110000100
01010110111111000
10111010111101001
01011001100111110
11110100110001101
10110111111111101
00000001101011110
