23 147 8
00000000000000000000000
00000000000000000000000
00000001000000000000000
00000101001000100000000
00000011101100000000000
11000000110110010000000
01001100011100000000000
01000001111110000000000
00110011010011100000000
01110011111110000000000
11101110101011000000000
11110110111110000000000
11111100011001100000000
11101100011010000000000
11111110000000000000000
11111111000000000000000
11101111010000000000000
11111110100000000000000
01110110101000000000000
11011110000000000000000
11111100100000000000000
11000000001000000000000
11100110000100000000000
00001110110001000000000
00011100010000000000000
01110010111000100000000
00110100011001001000100
01010011101000010000100
00011001000000000100000
00000011010000101000000
11010111011001010010000
00000100000000100010001
00001001110011000000011
00001000010010100000010
00100100000100001100010
00001000101001000101000
00101000110100100000000
00011001100110100001101
10011111000100000000000
10101101000011100000000
00010101011100001000000
00110100101000010000000
00000011100000000000000
00010100010000000000000
00110101110011000000000
10010110010100000000000
