19 92 8
0000000000000000000
0000000000000000010
0000000000110000000
0000000000110001110
0000000001001110101
0000000000011011000
0000000001000010111
0000000000010110101
0000000010011111011
0000000000011011111
0000010100011011111
0000000010000101111
0000000101111111111
0000000100110000101
0000000100100111010
0000000000011011101
0000000000100100010
0000000000000010001
0000001000000000000
1000100000000000000
0000010001000001000
0000110000000000000
0111111010010000010
0000011100100000100
1111101110000011010
0111101101000001010
0101110010101011000
0011001100000001010
1001101000000000101
0100110000110000110
0000000000011111010
0010001000110110101
0000000000001111011
0000000000000110001
0000000000000000000
0000000000000000000
0000000000000000000
0000000000000000000
