26 222 12
00000000000000000000000000
00000000000000000000000000
00000000000000000000000000
00000000000000000000000000
00000000000000000000000000
00000000000010010000000000
00000000000000101100001000
00000000000010000000000000
00000000000011000100000000
00000000010001001110100000
00000000000010000100100001
00000000001000101110100000
00001000011101101111111010
00000000111111111111100000
00000000001011101111011010
00000100011111101101100010
00000100010111001111110001
00001000010010111111110000
00010001111111111110000100
01000110011011010101101110
11001111101111111110001000
00110110011111110010110000
01111111111110101001000100
11101111101110111011100000
11111111111111110111010000
10111010011101001100000000
10010100000000011111111111
00101000000000001111111111
01110001001000011111111111
11001000000000001111111111
11011110010000100111111110
11101111000100110011111111
10111111110000000111111110
11101111100000000011111110
11111010111000000010011000
11111110101000100000000000
11111111100001000000000000
11111111000000000000000000
11110111000000000000000000
11111001100000000000000000
10100000100010000000000000
11101100000100010000000000
01001000000000010010010000
00000000010100011010000000
00000000000000001010001000
00000000000000001111100000
00000000000000011010000000
01000000000010111100000000
00000000000010010001000000
00000000000010011100000000
00000000000010000000000000
00000000000000100000000000
