16 66 11
0010010101000000
0010010001100100
1010000110011111
0000001000001011
0001000000111010
0010100011000110
0000100001110101
0010000010001000
0001000010010011
0000000000010111
0000000101011100
0000100000000010
0000000000000010
0000100000101001
0000000000010010
0000001000000000
0010000100000100
0000000001000000
0100000001100000
0000000001000010
0000000000000001
0000000010000100
0001010100000110
0000010000011000
1101000010111110
1110001010100011
1001000000000000
1011001010100111
0110100001100000
0110000010110000
0110000000001000
0000100101000110
